%YAML:1.0
---
cost_threshold: 1400.
max_lost_frame: 10.
yaw_percent: 5.0000000000000000e-01
outpost_yaw_percent: 5.0000000000000000e-01
s2qxyz: 200000000.
s2qvx: 5.
s2qvy: 5.
s2qyaw: 1000.
s2q_vyaw: 5.0e-12
s2qr: 50000.
r_xy_factor: 3.9930000000000019e-05
r_z: 1.2000000000000002e+00
r_yaw: 0.2
r_yaw_static: 5.0
r_yaw_static_vyaw_thresh: 0.2
s2p0xyr: 1000.
s2p0yaw: 50.
s2p0vyaw: 100.
r_initial: 250.
small_armor_a: 6.7500000000000000e+01
small_armor_b: 2.8500000000000000e+01
big_armor_a: 1.1500000000000000e+02
big_armor_b: 2.8500000000000000e+01
resize: 5.0000000000000000e-01
r_yaw_obs: 1.0000000000000000e-03
r_pitch_obs: 1.0000000000000000e-03
r_dist: 5.
r_dist_coeff: 5.
r_dist_base: 50.
outpost_r: 275.
outpost_armor_pitch: 15.
outpost_z_offset_0: 0.
outpost_z_offset_1: -102.
outpost_z_offset_2: 102.
outpost_s2qxy: 500000000.
outpost_s2qz: 200000.
outpost_s2qyaw: 4.9999999999999998e-05
outpost_s2qvyaw: 2.0000000000000002e-012
outpost_s2p0xy: 1.
outpost_s2p0z: 4000.
outpost_s2p0r: 10.
outpost_s2p0yaw: 5.
outpost_s2p0vyaw: 10.
outpost_r_yaw_obs: 1.0000000000000000e-03
outpost_r_pitch_obs: 1.0000000000000000e-03
outpost_r_dist_coeff: 5.
outpost_r_dist_base: 50.
outpost_r_pose_yaw: 5.
side_r_update_noise: 70.
side_match_threshold_mm: 100.
enable_dual_ekf: 0
dual_ekf_observe_frames: 30
dual_ekf_decay: 8.4999999999999998e-01
dual_ekf_velocity_memory_frames: 60
